1 0.744012 0.626877 0.1108 0.153998
1 0.920295 0.610009 0.110641 0.136447
1 0.67032 0.622066 0.117803 0.16803
1 0.551778 0.624395 0.100547 0.182977
1 0.417203 0.642847 0.0685166 0.235441
1 0.571469 0.623638 0.0633657 0.180398
1 0.207876 0.599398 0.0851926 0.143464
1 0.257715 0.702476 0.0702283 0.119528
1 0.489957 0.614524 0.0860348 0.217477
1 0.718194 0.626014 0.0920899 0.157701
1 0.811751 0.623749 0.0694416 0.140025
1 0.394036 0.640911 0.109945 0.235472
1 0.281262 0.642976 0.110168 0.221921
1 0.62094 0.621953 0.0527123 0.178384
1 0.368045 0.622956 0.0713579 0.192967
